Learn-NN for netflix data

s1: 
ndcg5: 0.679962782908
ndcg10: 0.706258351901

s2
ndcg5: 0.697828947055
ndcg10: 0.71974830854 

s3
ndcg5: 0.699589311114
ndcg10: 0.717989323787
